20
218492221 46085
3 7 1 999969453
46 18
7 11 9 46
45068754 29153
2 9 5 999904402
840698758 13331
8 7 10 999955808
977365070 59489
8 5 9 999966210
254 99
1 8 9 74990
1000000000 100000
999999999 1 999999999 1000000000
82 81
58 56 739 82
112 73
1 5 3 64100
98 59
6 30 524 98
177 73
7 7 5 56401
1000000000 1
12 7 74 12
1000000000 100000
1 1 0 2
497151700 96511
9 7 6 999919625
1000000000 100000
100000 1 0 1000000000
693840425 90561
2 6 7 999957328
78 51
3 5 5 51230
110 53
7 7 1 64417
28 21
6 5 1 85919
1000000000 100000
99999 1 99999 100000
